# from to pointCount x1 y1 x2 y2 ...
1 6 4 930 1145 860 1130 780 1100 705 1080
6 2 4 705 1080 660 1115 630 1150 625 1180
6 10 3 705 1080 760 1180 820 1280
10 7 4 820 1280 920 1290 1020 1300 1110 1320
7 8 3 1110 1320 1125 1260 1130 1210
8 9 3 1130 1210 1070 1235 1005 1255
9 1 4 1005 1255 980 1210 950 1170 930 1145
1 3 5 930 1145 1010 1080 1100 1020 1190 980 1235 970
3 5 4 1235 970 1310 960 1380 945 1430 930
5 8 4 1430 930 1340 1020 1230 1120 1130 1210
4 10 5 720 1870 735 1700 760 1500 790 1380 820 1280
4 2 5 720 1870 690 1680 660 1500 640 1330 625 1180

